% case lists

myred = [0.6350 0.0780 0.1840];
myblue = [0 0.4470 0.7410];
myorange = [0.8500 0.3250 0.0980];
myyellow = [0.9290 0.6940 0.1250];
mypurple = [0.4940 0.1840 0.5560];
myblack = [0 0 0];
mygrey = [0.4 0.4 0.4];
